Initial cross sections Torr and Torr 1985
----------------------------------------------------------------------
 Lambda |      N_2 (*1.e18cm2)     |    O_2   (*1.e18cm2)      |
----------------------------------------------------------------------
   NM      ABS   N_2+   N+     ION |  ABS    O_2+    O+    ION
----------------------------------------------------------------------
39
  2.327   .798   .508   .290   .798   .070   .000   .070   .070
  3.750   .909   .580   .329   .909   .150   .000   .150   .150
  6.667   .600   .384   .216   .600  1.180   .820   .360  1.180
 12.000  2.325  1.490   .835  2.325  3.610  2.510  1.100  3.610
 17.143  5.400  3.460  1.940  5.400  7.270  5.050  2.220  7.270
 22.222  8.150  5.220  2.930  8.150 10.500  7.300  3.200 10.500
 25.630  9.650  6.680  2.970  9.650 12.800  8.900  3.900 12.800
 27.273 10.080  7.360  2.720 10.080 13.650  9.490  4.160 13.650
 28.415 10.600  8.020  2.580 10.600 14.800 10.300  4.510 14.810
 30.331 11.580  9.280  2.300 11.580 15.980 11.100  4.870 15.970
 30.378 11.600  9.300  2.300 11.600 16.000 11.100  4.880 15.980
 32.308 14.640 12.300  2.340 14.640 17.190 12.000  5.240 17.240
 36.807 18.000 16.700  1.300 18.000 18.400 13.600  4.820 18.420
 37.333 17.510 16.500  1.010 17.510 18.170 13.500  4.700 18.200
 42.353 21.070 20.400   .670 21.070 19.390 15.000  4.370 19.370
 46.522 21.800 21.000   .800 21.800 20.400 16.300  4.120 20.420
 47.368 21.850 21.000   .850 21.850 21.590 17.200  4.390 21.590
 52.381 24.530 24.500   .000 24.500 24.060 18.600  5.460 24.060
 55.437 24.690 24.700   .000 24.700 25.590 20.600  4.980 25.580
 57.391 22.380 23.200   .000 23.200 25.040 21.300  3.740 25.040
 58.433 23.200 22.400   .000 22.400 22.000 18.600  3.410 22.010
 60.976 23.100 23.100   .000 23.100 26.100 24.100  2.000 26.100
 62.400 23.200 23.200   .000 23.200 26.020 24.500  1.420 25.920
 62.973 23.200 23.200   .000 23.200 25.800 24.600  1.200 25.800
 67.407 29.750 25.100   .000 25.100 26.270 22.000   .000 22.000
 70.331 26.300 23.000   .000 23.000 25.000 23.000   .000 23.000
 72.414 30.940 23.200   .000 23.200 29.050 23.800   .000 23.800
 76.515 35.460 23.800   .000 23.800 21.980  8.590   .000  8.590
 77.041 26.880 18.400   .000 18.400 25.180  9.690   .000  9.690
 77.419 30.710 10.200   .000 10.200 27.090 11.100   .000 11.100
 78.936 19.260 16.800   .000 16.800 26.660  9.390   .000  9.390
 82.424 15.050   .000   .000   .000 20.870  6.120   .000  6.120
 87.429 46.630   .000   .000   .000  9.850  4.690   .000  4.690
 92.432 16.990   .000   .000   .000 15.540  9.340   .000  9.340
 97.436 36.160   .000   .000   .000 16.530  2.500   .000  2.500
 97.702   .700   .000   .000   .000  4.000 12.200   .000 12.200
102.439   .000   .000   .000   .000  1.100   .000   .000   .000
102.572   .000   .000   .000   .000  1.600   .270   .000   .270
103.191   .000   .000   .000   .000  1.000  1.000   .000  1.000
----------------------------
----------------------------
 Lambda  |  O   (*1.e18cm2) |
----------------------------
   NM    | ABS    ION       |
----------------------------
  2.327   .037   .370
  3.750   .078   .780
  6.667  1.060  1.060
 12.000  3.530  3.530
 17.143  5.960  5.960
 22.222  7.550  7.550
 25.630  8.430  8.430
 27.273  8.780  8.780
 28.415  9.260  9.260
 30.331  9.700  9.700
 30.378  9.720  9.720
 32.308 10.030 10.030
 36.807 10.840 10.700
 37.333 10.700 10.840
 42.353 11.210 11.210
 46.522 11.250 11.250
 47.368 11.640 11.640
 52.381 11.910 11.910
 55.437 12.130 12.130
 57.391 11.900 11.900
 58.433 12.170 12.170
 60.976 12.230 12.230
 62.400 12.210 12.210
 62.973 12.220 12.220
 67.407 10.040 10.040
 70.331 11.350 11.350
 72.414  8.000  8.000
 76.515  4.180  4.180
 77.041  4.180  4.180
 77.419  4.230  4.230
 78.936  4.280  4.280
 82.424  4.380  4.380
 87.429  4.180  4.180
 92.432  2.120  2.120
 97.436   .000   .000
 97.702   .000   .000
102.439   .000   .000
102.572   .000   .000
103.191   .000   .000
______________________________________________________________________
         Donnees suivantes reunies par MARINA GALAND, CEPHAG, 1994
       PHOTOIONIZATION AND PHOTOABSORPTION CROSS SECTIONS OF H, He
              FOR AERONOMIC CALCULATIONS
______________________________________________________________________
       |     CROSS SECTIONS  X 10E-18      
______________________________________________________________________
Lambda |          H         |      He 
  nm   |    ABS      ION    | ABS      ION  
______________________________________________________________________
   2.327    .0121    .0121    .0039    .0039
   3.750    .0133    .0133    .0154    .0154
   6.667    .0158    .0158    .0932    .0808
  12.000    .0240    .0240    .4560    .3840
  17.143    .0356    .0356    .9990    .9930
  22.222    .0884    .0884   1.7400   1.6200
  25.630    .1690    .1690   2.3000   2.0900
  27.273    .2050    .2050   2.5700   2.3300
  28.415    .2340    .2340   2.7800   2.5200
  30.331    .2820    .2820   3.1800   2.8700
  30.378    .2830    .2830   3.1900   2.8800
  32.308    .3600    .3600   3.6200   3.2600
  36.807    .5200    .5200   4.7500   4.2600
  37.333    .5390    .5390   4.8800   4.3800
  42.353    .7600    .7600   6.1600   5.7200
  46.522    .9950    .9950   7.1900   6.8300
  47.368   1.0500   1.0500   7.0100   6.7400
  52.381   1.3900   1.3900    .0000    .0000
  55.437   1.6300   1.6300    .0000    .0000
  57.391   1.8000   1.8000    .0000    .0000
  58.433   1.9000   1.9000    .0000    .0000
  60.976   2.1400   2.1400    .0000    .0000
  62.400   2.2800   2.2800    .0000    .0000
  62.973   2.3300   2.3300    .0000    .0000
  67.407   2.8100   2.8100    .0000    .0000
  70.331   3.1800   3.1800    .0000    .0000
  72.414   3.4500   3.4500    .0000    .0000
  76.515   3.9900   3.9900    .0000    .0000
  77.041   4.0700   4.0700    .0000    .0000
  77.419   4.1200   4.1200    .0000    .0000
  78.936   4.3500   4.3500    .0000    .0000
  82.424   4.8700   4.8700    .0000    .0000
  87.429   5.7000   5.7000    .0000    .0000
  92.432    .0057    .0000    .0000    .0000
  97.436    .0000    .0000    .0000    .0000
  97.702    .0000    .0000    .0000    .0000
 102.439    .0000    .0000    .0000    .0000
 102.572    .0000    .0000    .0000    .0000
 103.191    .0000    .0000    .0000    .0000
